fecha	objective	metric	first_metric_only	boost_from_average	feature_pre_filter	verbosity	max_depth	min_gain_to_split	lambda_l1	lambda_l2	max_bin	num_iterations	force_row_wise	seed	learning_rate	feature_fraction	min_data_in_leaf	num_leaves	envios	ganancia	iteracion
20220930 172819	binary	custom	TRUE	TRUE	FALSE	-100	-1	0	0	0	31	63	TRUE	804409	0.210451825732947	0.696594926416874	6323	353	8170	25900000	1
20220930 172852	binary	custom	TRUE	TRUE	FALSE	-100	-1	0	0	0	31	103	TRUE	804409	0.131137347483542	0.824871151968837	2083	605	8544	25640000	2
20220930 172916	binary	custom	TRUE	TRUE	FALSE	-100	-1	0	0	0	31	65	TRUE	804409	0.103292776453134	0.780793855693191	5567	131	9234	26420000	3
20220930 172940	binary	custom	TRUE	TRUE	FALSE	-100	-1	0	0	0	31	80	TRUE	804409	0.119391988791409	0.749929404444993	5984	828	8378	25730000	4
20220930 172958	binary	custom	TRUE	TRUE	FALSE	-100	-1	0	0	0	31	16	TRUE	804409	0.24159243451088	0.664122172947973	1394	178	8854	25900000	5
20220930 173023	binary	custom	TRUE	TRUE	FALSE	-100	-1	0	0	0	31	82	TRUE	804409	0.19370192890102	0.564005639031529	7077	439	9124	25600000	6
20220930 173139	binary	custom	TRUE	TRUE	FALSE	-100	-1	0	0	0	31	251	TRUE	804409	0.0542823970289319	0.493614469114691	4174	649	9925	26310000	7
20220930 173241	binary	custom	TRUE	TRUE	FALSE	-100	-1	0	0	0	31	219	TRUE	804409	0.0646923538459814	0.31213551173918	3515	313	7160	26160000	8
20220930 173308	binary	custom	TRUE	TRUE	FALSE	-100	-1	0	0	0	31	93	TRUE	804409	0.150926838457934	0.878077339278534	5050	503	7714	26020000	9
20220930 173330	binary	custom	TRUE	TRUE	FALSE	-100	-1	0	0	0	31	51	TRUE	804409	0.283063696530531	0.372993858363479	3910	383	10996	25610000	10
20220930 173358	binary	custom	TRUE	TRUE	FALSE	-100	-1	0	0	0	31	108	TRUE	804409	0.154238791288168	0.931487354272977	4646	252	10320	26160000	11
20220930 173525	binary	custom	TRUE	TRUE	FALSE	-100	-1	0	0	0	31	107	TRUE	804409	0.0360138450729428	0.409257367607206	995	820	7506	26190000	12
20220930 173558	binary	custom	TRUE	TRUE	FALSE	-100	-1	0	0	0	31	84	TRUE	804409	0.29220143307891	0.268077548695728	3103	982	10092	24780000	13
20220930 173638	binary	custom	TRUE	TRUE	FALSE	-100	-1	0	0	0	31	88	TRUE	804409	0.227526780405839	0.339914425155148	1628	555	7836	25130000	14
20220930 174237	binary	custom	TRUE	TRUE	FALSE	-100	-1	0	0	0	31	1518	TRUE	804409	0.014616084607027	0.600771421045065	7795	691	10761	26640000	15
20220930 174255	binary	custom	TRUE	TRUE	FALSE	-100	-1	0	0	0	31	15	TRUE	804409	0.259916825165157	0.986955031529069	2694	749	9543	2.5e+07	16
20220930 174957	binary	custom	TRUE	TRUE	FALSE	-100	-1	0	0	0	31	99	TRUE	804409	0.0226749807008309	0.447546298857778	97	905	10507	26910000	17
20220930 175025	binary	custom	TRUE	TRUE	FALSE	-100	-1	0	0	0	31	118	TRUE	804409	0.181516105576302	0.200938936006278	7240	72	9645	25830000	18
20220930 175040	binary	custom	TRUE	TRUE	FALSE	-100	-1	0	0	0	31	35	TRUE	804409	0.0828240160229616	0.881488212822005	446	28	8716	25850000	19
20220930 175104	binary	custom	TRUE	TRUE	FALSE	-100	-1	0	0	0	31	51	TRUE	804409	0.219427078231063	0.542590337432921	6569	944	7397	25130000	20
20220930 180734	binary	custom	TRUE	TRUE	FALSE	-100	-1	0	0	0	31	567	TRUE	804409	0.00530901165896616	0.648268374985185	226	1007	10998	26010000	21
20220930 184556	binary	custom	TRUE	TRUE	FALSE	-100	-1	0	0	0	31	1524	TRUE	804409	0.00510154363951571	0.345837852155222	12	730	10987	26270000	22
20220930 184925	binary	custom	TRUE	TRUE	FALSE	-100	-1	0	0	0	31	263	TRUE	804409	0.0294463492056969	0.47196904703246	2	277	10916	25450000	23
20220930 185128	binary	custom	TRUE	TRUE	FALSE	-100	-1	0	0	0	31	302	TRUE	804409	0.0226247021351153	0.475942593697759	4162	870	10951	25700000	24
20220930 185230	binary	custom	TRUE	TRUE	FALSE	-100	-1	0	0	0	31	96	TRUE	804409	0.0680517167744553	0.640240127686225	891	712	7709	26670000	25
20220930 185302	binary	custom	TRUE	TRUE	FALSE	-100	-1	0	0	0	31	84	TRUE	804409	0.292824532519963	0.530207185973413	5996	445	10063	25560000	26
20220930 185328	binary	custom	TRUE	TRUE	FALSE	-100	-1	0	0	0	31	98	TRUE	804409	0.264042885589632	0.996150826659426	5832	44	9015	25810000	27
20220930 185350	binary	custom	TRUE	TRUE	FALSE	-100	-1	0	0	0	31	56	TRUE	804409	0.234077796972495	0.811976088966988	3112	602	10623	25320000	28
20220930 185947	binary	custom	TRUE	TRUE	FALSE	-100	-1	0	0	0	31	175	TRUE	804409	0.0417488291258505	0.440673871050852	100	973	9858	26610000	29
20220930 190633	binary	custom	TRUE	TRUE	FALSE	-100	-1	0	0	0	31	272	TRUE	804409	0.0412013237379823	0.275392914665488	2	914	9844	25360000	30
20220930 191617	binary	custom	TRUE	TRUE	FALSE	-100	-1	0	0	0	31	247	TRUE	804409	0.0115070655807771	0.55141217539974	127	729	9953	26820000	31
20220930 195244	binary	custom	TRUE	TRUE	FALSE	-100	-1	0	0	0	31	1577	TRUE	804409	0.00516802655031458	0.454756711315119	4	797	10639	26570000	32
20220930 195409	binary	custom	TRUE	TRUE	FALSE	-100	-1	0	0	0	31	119	TRUE	804409	0.0262526467036433	0.601282514328987	1392	673	9433	26580000	33
20220930 200315	binary	custom	TRUE	TRUE	FALSE	-100	-1	0	0	0	31	651	TRUE	804409	0.0274028425993297	0.497456292167585	1	904	10496	24610000	34
20220930 200404	binary	custom	TRUE	TRUE	FALSE	-100	-1	0	0	0	31	177	TRUE	804409	0.093948693431837	0.576455794406682	4446	1000	10418	26370000	35
20220930 200529	binary	custom	TRUE	TRUE	FALSE	-100	-1	0	0	0	31	273	TRUE	804409	0.021156353651504	0.890516075741686	646	79	7981	26440000	36
20220930 200556	binary	custom	TRUE	TRUE	FALSE	-100	-1	0	0	0	31	40	TRUE	804409	0.222492725714502	0.223895136087574	969	180	8934	25260000	37
20220930 200646	binary	custom	TRUE	TRUE	FALSE	-100	-1	0	0	0	31	124	TRUE	804409	0.0998023893871333	0.920632918953523	1125	364	7851	26300000	38
20220930 200708	binary	custom	TRUE	TRUE	FALSE	-100	-1	0	0	0	31	27	TRUE	804409	0.152690312706238	0.932699800659157	1749	1013	9722	25520000	39
20220930 200727	binary	custom	TRUE	TRUE	FALSE	-100	-1	0	0	0	31	62	TRUE	804409	0.211129919457859	0.783821490966529	7560	288	8511	25860000	40
20220930 200754	binary	custom	TRUE	TRUE	FALSE	-100	-1	0	0	0	31	90	TRUE	804409	0.119954020427178	0.241749811084196	6601	153	8028	25630000	41
20220930 200859	binary	custom	TRUE	TRUE	FALSE	-100	-1	0	0	0	31	179	TRUE	804409	0.0791402056207263	0.37491544197388	1706	853	8246	26710000	42
20220930 200920	binary	custom	TRUE	TRUE	FALSE	-100	-1	0	0	0	31	38	TRUE	804409	0.280318865230987	0.521149151109532	3848	659	8743	24680000	43
20220930 200941	binary	custom	TRUE	TRUE	FALSE	-100	-1	0	0	0	31	41	TRUE	804409	0.281542126523341	0.548227493650466	4106	124	8057	25330000	44
20220930 201033	binary	custom	TRUE	TRUE	FALSE	-100	-1	0	0	0	31	116	TRUE	804409	0.162148995299187	0.7311376338562	816	479	9299	25650000	45
20220930 201055	binary	custom	TRUE	TRUE	FALSE	-100	-1	0	0	0	31	80	TRUE	804409	0.241155718605224	0.90884256224893	5021	626	10938	25650000	46
20220930 201138	binary	custom	TRUE	TRUE	FALSE	-100	-1	0	0	0	31	165	TRUE	804409	0.0812555803354201	0.868138233709894	3465	723	8682	25920000	47
20220930 201200	binary	custom	TRUE	TRUE	FALSE	-100	-1	0	0	0	31	42	TRUE	804409	0.288720363323675	0.301950626821071	2388	623	10741	24840000	48
20220930 201215	binary	custom	TRUE	TRUE	FALSE	-100	-1	0	0	0	31	26	TRUE	804409	0.194790927063883	0.653611132793315	5349	187	7575	25410000	49
20220930 201231	binary	custom	TRUE	TRUE	FALSE	-100	-1	0	0	0	31	33	TRUE	804409	0.259180739331334	0.981262744669616	3972	304	9443	25200000	50
20220930 201515	binary	custom	TRUE	TRUE	FALSE	-100	-1	0	0	0	31	304	TRUE	804409	0.0134617175266659	0.865148815126717	1027	621	7645	26470000	51
20220930 201845	binary	custom	TRUE	TRUE	FALSE	-100	-1	0	0	0	31	710	TRUE	804409	0.018692179539024	0.43887779240197	2247	801	10271	26740000	52
20221001 031948	binary	custom	TRUE	TRUE	FALSE	-100	-1	0	0	0	31	750	TRUE	804409	0.0119142494092204	0.571192798227328	2856	786	10061	26440000	53
20221001 032218	binary	custom	TRUE	TRUE	FALSE	-100	-1	0	0	0	31	188	TRUE	804409	0.0201340732615867	0.447466847803828	887	963	9356	27050000	54
20221001 032758	binary	custom	TRUE	TRUE	FALSE	-100	-1	0	0	0	31	315	TRUE	804409	0.0226121331064197	0.444312312220025	231	1020	8491	26940000	55
20221001 032941	binary	custom	TRUE	TRUE	FALSE	-100	-1	0	0	0	31	181	TRUE	804409	0.0253526678233644	0.44798139255516	2002	806	9165	26870000	56
20221001 033429	binary	custom	TRUE	TRUE	FALSE	-100	-1	0	0	0	31	325	TRUE	804409	0.011229941536476	0.446894542629679	791	952	8798	26970000	57
20221001 033648	binary	custom	TRUE	TRUE	FALSE	-100	-1	0	0	0	31	97	TRUE	804409	0.0460917320342046	0.552726304450433	1756	645	9612	26620000	58
20221001 090304	binary	custom	TRUE	TRUE	FALSE	-100	-1	0	0	0	31	99	TRUE	804409	0.0612384413011186	0.620138157135074	4047	757	9074	26100000	59
20221001 091510	binary	custom	TRUE	TRUE	FALSE	-100	-1	0	0	0	31	450	TRUE	804409	0.00578004555385211	0.445307488403842	926	964	9460	26920000	60
20221001 092504	binary	custom	TRUE	TRUE	FALSE	-100	-1	0	0	0	31	562	TRUE	804409	0.00980941977941553	0.552658930143362	1465	281	8844	26720000	61
20221001 093313	binary	custom	TRUE	TRUE	FALSE	-100	-1	0	0	0	31	834	TRUE	804409	0.0162131688515712	0.550271941248292	6954	329	10187	26110000	62
20221001 093915	binary	custom	TRUE	TRUE	FALSE	-100	-1	0	0	0	31	512	TRUE	804409	0.0191128592011017	0.447565458151614	6649	1021	9178	26370000	63
20221001 193345	binary	custom	TRUE	TRUE	FALSE	-100	-1	0	0	0	31	89	TRUE	804409	0.0490990301458382	0.446830354464846	901	538	9266	27150000	64
20221001 193432	binary	custom	TRUE	TRUE	FALSE	-100	-1	0	0	0	31	114	TRUE	804409	0.0595507033598933	0.451409783622785	2394	414	9044	26560000	65
20221001 193609	binary	custom	TRUE	TRUE	FALSE	-100	-1	0	0	0	31	201	TRUE	804409	0.0452750778726338	0.447261666297504	1443	408	9227	27230000	66
20221001 193719	binary	custom	TRUE	TRUE	FALSE	-100	-1	0	0	0	31	51	TRUE	804409	0.0447161212182597	0.445878126480721	391	234	8676	27210000	67
20221001 193838	binary	custom	TRUE	TRUE	FALSE	-100	-1	0	0	0	31	93	TRUE	804409	0.0464416114598263	0.444942361682234	884	158	9307	27390000	68
20221001 193936	binary	custom	TRUE	TRUE	FALSE	-100	-1	0	0	0	31	76	TRUE	804409	0.047075688875677	0.439860021683527	1080	126	9307	26910000	69
20221001 194025	binary	custom	TRUE	TRUE	FALSE	-100	-1	0	0	0	31	81	TRUE	804409	0.0458228911667122	0.44583758307789	3118	240	10553	25700000	70
20221001 194055	binary	custom	TRUE	TRUE	FALSE	-100	-1	0	0	0	31	37	TRUE	804409	0.127421326364491	0.443866000371636	1954	207	8514	26740000	71
20221001 194402	binary	custom	TRUE	TRUE	FALSE	-100	-1	0	0	0	31	229	TRUE	804409	0.020122312208043	0.444338219663175	707	316	9095	27090000	72
20221001 194446	binary	custom	TRUE	TRUE	FALSE	-100	-1	0	0	0	31	26	TRUE	804409	0.201663321778872	0.444985625523282	471	533	8956	26090000	73
20221001 194548	binary	custom	TRUE	TRUE	FALSE	-100	-1	0	0	0	31	88	TRUE	804409	0.0622339039402495	0.444756096087524	1158	241	8143	26920000	74
20221001 194731	binary	custom	TRUE	TRUE	FALSE	-100	-1	0	0	0	31	138	TRUE	804409	0.0335602852632416	0.447706539394276	28	151	9058	26930000	75
20221001 194816	binary	custom	TRUE	TRUE	FALSE	-100	-1	0	0	0	31	26	TRUE	804409	0.0905225663293395	0.443915827759867	747	406	9111	26660000	76
20221001 195142	binary	custom	TRUE	TRUE	FALSE	-100	-1	0	0	0	31	122	TRUE	804409	0.0267182862418094	0.561398333057369	199	456	9514	26820000	77
20221001 195312	binary	custom	TRUE	TRUE	FALSE	-100	-1	0	0	0	31	468	TRUE	804409	0.0481337899599078	0.444881758364728	781	21	9204	27440000	78
20221001 195410	binary	custom	TRUE	TRUE	FALSE	-100	-1	0	0	0	31	161	TRUE	804409	0.0515440593661514	0.44542841928865	752	57	9151	27620000	79
20221001 195516	binary	custom	TRUE	TRUE	FALSE	-100	-1	0	0	0	31	43	TRUE	804409	0.265421284579227	0.479260831978731	279	461	10892	25020000	80
20221001 195544	binary	custom	TRUE	TRUE	FALSE	-100	-1	0	0	0	31	104	TRUE	804409	0.171517565044165	0.653521008510143	2274	408	10992	25380000	81
20221001 195654	binary	custom	TRUE	TRUE	FALSE	-100	-1	0	0	0	31	329	TRUE	804409	0.0765425758098857	0.249242952970415	6582	350	9675	26490000	82
20221001 195715	binary	custom	TRUE	TRUE	FALSE	-100	-1	0	0	0	31	29	TRUE	804409	0.170634388724011	0.889012978087924	1809	910	7219	26050000	83
20221001 195824	binary	custom	TRUE	TRUE	FALSE	-100	-1	0	0	0	31	64	TRUE	804409	0.0567325488287385	0.563321755845658	119	246	8461	26120000	84
20221001 195924	binary	custom	TRUE	TRUE	FALSE	-100	-1	0	0	0	31	136	TRUE	804409	0.17375584015207	0.657241265146807	784	638	9498	25490000	85
20221001 195946	binary	custom	TRUE	TRUE	FALSE	-100	-1	0	0	0	31	51	TRUE	804409	0.150380627939206	0.544430545429327	2489	33	9338	25810000	86
20221001 200008	binary	custom	TRUE	TRUE	FALSE	-100	-1	0	0	0	31	83	TRUE	804409	0.224419481777307	0.961616906108149	7410	674	9626	25550000	87
20221001 200041	binary	custom	TRUE	TRUE	FALSE	-100	-1	0	0	0	31	117	TRUE	804409	0.110613735404779	0.205479429439269	7989	975	7192	25140000	88
20221001 200058	binary	custom	TRUE	TRUE	FALSE	-100	-1	0	0	0	31	30	TRUE	804409	0.145749067130568	0.675117505864054	3490	844	10087	25430000	89
20221001 200126	binary	custom	TRUE	TRUE	FALSE	-100	-1	0	0	0	31	115	TRUE	804409	0.157658143274471	0.749649190482683	7521	882	7834	26180000	90
20221001 200147	binary	custom	TRUE	TRUE	FALSE	-100	-1	0	0	0	31	71	TRUE	804409	0.198249199916521	0.937370752786473	5054	415	10167	25990000	91
20221001 200210	binary	custom	TRUE	TRUE	FALSE	-100	-1	0	0	0	31	81	TRUE	804409	0.142890759053376	0.745379976273887	6401	329	10897	26050000	92
20221001 200316	binary	custom	TRUE	TRUE	FALSE	-100	-1	0	0	0	31	356	TRUE	804409	0.0830738186578581	0.659727422385849	5119	981	8904	26760000	93
20221001 200340	binary	custom	TRUE	TRUE	FALSE	-100	-1	0	0	0	31	46	TRUE	804409	0.218629666909588	0.592213026059046	1885	467	7751	25380000	94
20221001 200445	binary	custom	TRUE	TRUE	FALSE	-100	-1	0	0	0	31	278	TRUE	804409	0.0901643350364023	0.332138394958526	4850	923	9313	27140000	95
20221001 200502	binary	custom	TRUE	TRUE	FALSE	-100	-1	0	0	0	31	53	TRUE	804409	0.270751353967227	0.732420654492266	5622	515	10819	25170000	96
20221001 200545	binary	custom	TRUE	TRUE	FALSE	-100	-1	0	0	0	31	48	TRUE	804409	0.166507214083814	0.203161850576289	302	308	7254	24620000	97
20221001 200633	binary	custom	TRUE	TRUE	FALSE	-100	-1	0	0	0	31	123	TRUE	804409	0.189473700977748	0.911677540287748	1052	342	10597	25370000	98
20221001 200701	binary	custom	TRUE	TRUE	FALSE	-100	-1	0	0	0	31	69	TRUE	804409	0.207505580451136	0.393198212920874	6034	851	8382	25240000	99
20221001 200722	binary	custom	TRUE	TRUE	FALSE	-100	-1	0	0	0	31	26	TRUE	804409	0.176653169490803	0.88404046401307	2096	612	9926	25670000	100
20221001 201321	binary	custom	TRUE	TRUE	FALSE	-100	-1	0	0	0	31	1172	TRUE	804409	0.00518902315697749	0.759983183038235	4943	175	8771	26380000	101
20221001 201356	binary	custom	TRUE	TRUE	FALSE	-100	-1	0	0	0	31	45	TRUE	804409	0.16454447757387	0.299475829187408	829	308	8712	26260000	102
20221001 201434	binary	custom	TRUE	TRUE	FALSE	-100	-1	0	0	0	31	62	TRUE	804409	0.111526653754556	0.691869986834191	1213	769	10477	26970000	103
20221001 201730	binary	custom	TRUE	TRUE	FALSE	-100	-1	0	0	0	31	470	TRUE	804409	0.0138196913766302	0.357954891686887	4293	263	8035	26730000	104
20221001 201752	binary	custom	TRUE	TRUE	FALSE	-100	-1	0	0	0	31	41	TRUE	804409	0.18248604055144	0.204703928991407	5032	289	7503	25880000	105
20221001 201835	binary	custom	TRUE	TRUE	FALSE	-100	-1	0	0	0	31	100	TRUE	804409	0.0502937191771972	0.775588147644512	4533	756	7731	26140000	106
20221001 201900	binary	custom	TRUE	TRUE	FALSE	-100	-1	0	0	0	31	88	TRUE	804409	0.245340391412668	0.881113872423954	7833	374	9784	26520000	107
20221001 201934	binary	custom	TRUE	TRUE	FALSE	-100	-1	0	0	0	31	93	TRUE	804409	0.178141031285428	0.44699674943611	6623	405	9407	25990000	108
20221001 202002	binary	custom	TRUE	TRUE	FALSE	-100	-1	0	0	0	31	64	TRUE	804409	0.284975087759462	0.509143083226494	6255	78	8093	25660000	109
20221001 202041	binary	custom	TRUE	TRUE	FALSE	-100	-1	0	0	0	31	107	TRUE	804409	0.172041876537168	0.89501346061267	6002	535	10746	26110000	110
20221001 202115	binary	custom	TRUE	TRUE	FALSE	-100	-1	0	0	0	31	92	TRUE	804409	0.109335665176108	0.945606645162404	6555	112	10079	26490000	111
20221001 202134	binary	custom	TRUE	TRUE	FALSE	-100	-1	0	0	0	31	18	TRUE	804409	0.255920731111012	0.916143320266902	3231	80	7888	24870000	112
20221001 202210	binary	custom	TRUE	TRUE	FALSE	-100	-1	0	0	0	31	124	TRUE	804409	0.250633809490466	0.350626786408387	7978	896	8980	26200000	113
20221001 202259	binary	custom	TRUE	TRUE	FALSE	-100	-1	0	0	0	31	109	TRUE	804409	0.0689398299922293	0.614354441383295	2317	799	8117	26090000	114
20221001 202326	binary	custom	TRUE	TRUE	FALSE	-100	-1	0	0	0	31	27	TRUE	804409	0.1606168146738	0.919016154020093	1546	222	7627	25710000	115
20221001 202454	binary	custom	TRUE	TRUE	FALSE	-100	-1	0	0	0	31	182	TRUE	804409	0.0162109403462068	0.324245870914683	546	46	10513	26740000	116
20221001 202551	binary	custom	TRUE	TRUE	FALSE	-100	-1	0	0	0	31	99	TRUE	804409	0.194530668394234	0.935359321951121	743	920	9120	24880000	117
20221001 202711	binary	custom	TRUE	TRUE	FALSE	-100	-1	0	0	0	31	369	TRUE	804409	0.0338428387772257	0.915135864599794	7097	508	10162	26400000	118
20221001 202732	binary	custom	TRUE	TRUE	FALSE	-100	-1	0	0	0	31	55	TRUE	804409	0.297097135237057	0.629516338953003	6532	107	8401	2.6e+07	119
20221001 202936	binary	custom	TRUE	TRUE	FALSE	-100	-1	0	0	0	31	651	TRUE	804409	0.06143740106315	0.315464727342688	7953	22	10547	26270000	120
20221001 203005	binary	custom	TRUE	TRUE	FALSE	-100	-1	0	0	0	31	103	TRUE	804409	0.118645270999291	0.931868415791728	5882	917	8821	25960000	121
